function [ cmap ] = blue_red_only_cmap(  )
%BLUE_RED_ONLY_CMAP Returns a blue and red colormap that does not go through white
%   Useful for showing differences that can also be NaN as NaNs always show
%   up as white.

cmap = [0 0 1;
        0.0218848828226328 0.0297280196100473 1;
        0.0437697656452656 0.0594560392200947 1;
        0.0656546503305435 0.0891840606927872 1;
        0.0875395312905312 0.118912078440189 1;
        0.109424419701099 0.148640096187592 1;
        0.131309300661087 0.178368121385574 1;
        0.153194189071655 0.208096146583557 1;
        0.175079062581062 0.237824156880379 1;
        0.196963950991631 0.267552196979523 1;
        0.218848839402199 0.297280192375183 1;
        0.240733712911606 0.327008217573166 1;
        0.262618601322174 0.356736242771149 1;
        0.284503489732742 0.386464267969131 1;
        0.306388378143311 0.416192293167114 1;
        0.328273266553879 0.445920318365097 1;
        0.350158125162125 0.475648313760757 1;
        0.372043013572693 0.50537633895874 1;
        0.393927901983261 0.535104393959045 1;
        0.415812790393829 0.564832389354706 1;
        0.437697678804398 0.594560384750366 1;
        0.459582567214966 0.624288439750671 1;
        0.481467425823212 0.654016435146332 1;
        0.503352344036102 0.683744490146637 1;
        0.525237202644348 0.713472485542297 1;
        0.547122061252594 0.743200480937958 1;
        0.569006979465485 0.772928535938263 1;
        0.59089183807373 0.802656531333923 1;
        0.612776756286621 0.832384586334229 1;
        0.634661614894867 0.862112581729889 1;
        0.656546533107758 0.891840636730194 1;
        0.678431391716003 0.921568632125854 1;
        1 0.600000023841858 0.7843137383461;
        1 0.580645203590393 0.759013295173645;
        1 0.561290323734283 0.73371285200119;
        1 0.541935503482819 0.708412408828735;
        1 0.522580683231354 0.683111965656281;
        1 0.503225803375244 0.657811522483826;
        1 0.483870983123779 0.632511079311371;
        1 0.464516133069992 0.607210636138916;
        1 0.445161312818527 0.581910192966461;
        1 0.42580646276474 0.556609749794006;
        1 0.406451642513275 0.531309306621552;
        1 0.387096792459488 0.506008863449097;
        1 0.367741942405701 0.480708420276642;
        1 0.348387122154236 0.455407977104187;
        1 0.329032272100449 0.430107533931732;
        1 0.309677422046661 0.404807090759277;
        1 0.290322601795197 0.379506647586823;
        1 0.270967751741409 0.354206204414368;
        1 0.251612901687622 0.328905761241913;
        1 0.232258066534996 0.303605318069458;
        1 0.21290323138237 0.278304874897003;
        1 0.193548396229744 0.253004431724548;
        1 0.174193561077118 0.227703988552094;
        1 0.154838711023331 0.202403545379639;
        1 0.135483875870705 0.177103102207184;
        1 0.116129033267498 0.151802659034729;
        1 0.096774198114872 0.126502215862274;
        1 0.0774193555116653 0.101201772689819;
        1 0.058064516633749 0.0759013295173645;
        1 0.0387096777558327 0.0506008863449097;
        1 0.0193548388779163 0.0253004431724548;
        1 0 0];


end

